R56, CT.QDD0520, CT.QFD0530, CT.QFH0610, CT.QFH0620, CT.QFH0640, CT.QDI0650, CT.QFF0660, CT.QFH0680, CT.QFF0690, CT.QDF0720, CT.QFJ0730, CT.QDJ0740, CT.QFG0750
-0.300, 15.823, 14.301, 11.421, 14.716, 12.328, 10.981, 57.834, 8.043, 33.445, 20.467, 41.891, 65.486, 21.715
-0.295, 15.779, 14.407, 11.821, 14.117, 12.701, 11.165, 57.415, 8.396, 32.953, 16.911, 42.132, 65.779, 20.681
-0.290, 15.346, 13.936, 11.463, 15.428, 11.959, 10.597, 57.396, 7.685, 33.938, 23.204, 41.263, 65.638, 22.978
-0.285, 15.116, 13.977, 12.175, 14.050, 12.754, 10.881, 56.987, 8.739, 32.355, 20.455, 42.866, 64.093, 19.916
-0.280, 15.549, 14.191, 11.751, 14.646, 12.340, 10.934, 57.952, 8.866, 32.316, 23.601, 42.327, 63.961, 21.005
-0.275, 16.022, 14.363, 11.631, 15.620, 11.971, 10.630, 56.817, 7.463, 34.544, 19.280, 41.260, 66.448, 22.536
-0.270, 14.782, 13.629, 12.275, 14.948, 12.517, 10.372, 56.096, 8.191, 33.255, 22.263, 42.689, 64.206, 20.645
-0.265, 16.155, 14.210, 11.746, 16.422, 11.728, 9.840, 55.816, 6.369, 36.095, 21.146, 41.732, 65.943, 22.279
-0.260, 15.205, 14.134, 12.457, 14.323, 12.684, 10.944, 56.332, 9.073, 32.112, 17.427, 42.255, 65.250, 20.335
-0.255, 15.559, 14.367, 11.914, 14.669, 11.842, 11.246, 58.681, 10.061, 30.729, 23.056, 41.062, 64.818, 22.759
-0.250, 16.336, 14.582, 11.963, 15.602, 11.782, 10.531, 57.131, 8.124, 33.958, 22.986, 42.163, 64.729, 21.663
-0.245, 15.441, 14.332, 12.151, 15.043, 11.758, 10.946, 58.020, 9.620, 31.524, 24.214, 41.199, 65.027, 22.919
-0.240, 15.397, 14.141, 12.534, 15.310, 12.234, 10.547, 55.854, 8.436, 33.378, 18.984, 41.899, 65.646, 21.430
-0.235, 15.417, 14.352, 12.135, 15.268, 11.355, 10.916, 58.655, 10.059, 30.916, 27.555, 40.734, 64.602, 23.726
-0.230, 15.526, 14.382, 12.057, 15.686, 11.292, 10.863, 58.492, 9.854, 31.276, 27.404, 40.224, 64.752, 23.835
-0.225, 14.968, 13.704, 12.831, 14.867, 12.238, 10.742, 56.129, 9.454, 31.960, 19.190, 41.628, 64.006, 21.060
-0.220, 14.142, 12.222, 12.714, 16.377, 12.096, 6.819, 52.270, 8.270, 33.471, 25.774, 44.260, 59.741, 17.240
-0.215, 15.246, 14.141, 12.955, 15.415, 12.051, 10.496, 55.652, 8.939, 32.881, 19.669, 41.674, 65.601, 21.808
-0.210, 16.247, 14.493, 12.643, 15.220, 11.799, 11.046, 56.937, 9.510, 32.360, 17.771, 41.087, 64.671, 21.617
-0.205, 15.626, 14.242, 13.028, 15.728, 11.854, 10.104, 55.611, 8.689, 33.458, 23.275, 42.569, 64.039, 20.966
-0.200, 15.797, 14.598, 13.081, 15.222, 11.996, 10.754, 55.908, 9.481, 32.354, 17.810, 41.604, 65.913, 21.571
-0.195, 16.160, 14.435, 13.111, 16.842, 11.172, 9.467, 54.905, 7.238, 35.644, 22.501, 41.538, 65.633, 22.614
-0.190, 15.406, 14.134, 13.311, 15.355, 11.978, 10.660, 55.441, 9.467, 32.448, 17.619, 41.340, 65.153, 21.506
-0.185, 15.789, 14.478, 13.264, 15.079, 11.829, 10.854, 56.372, 10.155, 31.481, 19.348, 41.531, 64.556, 21.427
-0.180, 15.823, 14.555, 13.434, 15.649, 11.798, 10.402, 55.343, 9.252, 32.952, 19.480, 41.868, 65.366, 21.454
-0.175, 16.701, 14.593, 13.270, 15.452, 11.897, 9.209, 55.470, 9.376, 33.091, 22.075, 43.148, 58.386, 17.154
-0.170, 16.080, 14.496, 13.508, 15.743, 11.761, 10.440, 55.242, 9.257, 33.162, 18.145, 41.707, 64.641, 20.971
-0.165, 15.648, 14.230, 13.816, 16.653, 11.401, 9.415, 54.094, 8.037, 34.818, 21.890, 41.930, 65.174, 21.886
-0.160, 16.212, 14.414, 13.647, 16.067, 11.847, 10.249, 54.443, 8.839, 33.966, 15.889, 41.677, 64.639, 20.372
-0.155, 15.419, 14.368, 13.933, 15.270, 11.754, 10.560, 55.394, 10.337, 31.472, 19.713, 41.575, 64.736, 21.530
-0.150, 15.243, 14.347, 14.110, 15.257, 12.138, 10.439, 53.891, 10.101, 31.887, 15.516, 41.891, 65.896, 20.625
-0.145, 15.800, 14.787, 14.024, 15.260, 11.696, 10.661, 55.473, 10.580, 31.252, 18.685, 41.517, 65.491, 21.619
-0.140, 15.922, 14.285, 14.189, 16.525, 11.353, 9.801, 53.939, 8.564, 34.493, 17.224, 41.032, 65.436, 21.916
-0.135, 15.347, 14.368, 14.317, 15.309, 11.766, 10.572, 54.690, 10.489, 31.494, 17.120, 41.208, 65.473, 21.643
-0.130, 15.738, 14.552, 14.338, 15.596, 11.700, 10.453, 54.439, 10.116, 32.250, 16.671, 41.392, 65.475, 21.326
-0.125, 15.931, 14.581, 14.374, 15.746, 11.601, 10.371, 54.492, 10.044, 32.468, 17.215, 41.438, 64.942, 21.137
-0.120, 15.769, 14.508, 14.518, 15.628, 11.639, 10.368, 54.261, 10.183, 32.299, 16.756, 41.441, 65.054, 21.135
-0.115, 15.692, 14.465, 14.646, 15.709, 11.541, 10.265, 54.221, 10.183, 32.339, 17.550, 41.377, 64.961, 21.366
-0.110, 15.552, 14.597, 14.795, 15.517, 11.533, 10.279, 54.385, 10.583, 31.696, 19.194, 41.622, 65.095, 21.521
-0.105, 15.507, 14.440, 14.866, 15.527, 11.561, 10.279, 54.119, 10.592, 31.775, 17.891, 41.435, 64.873, 21.332
-0.100, 16.235, 14.073, 14.031, 16.562, 11.338, 7.385, 52.529, 10.975, 31.159, 13.672, 40.003, 58.051, 17.825
-0.095, 15.538, 14.357, 14.960, 15.321, 11.785, 10.362, 53.434, 10.836, 31.582, 14.801, 41.526, 64.683, 20.335
-0.090, 15.500, 14.466, 15.152, 15.486, 11.526, 10.190, 53.816, 10.818, 31.618, 17.976, 41.567, 64.652, 21.105
-0.085, 15.565, 14.553, 15.224, 15.376, 11.392, 10.406, 54.289, 11.140, 31.147, 17.454, 40.963, 65.052, 21.803
-0.080, 17.298, 15.294, 14.894, 15.658, 10.915, 9.055, 54.851, 11.015, 31.707, 19.590, 41.641, 59.414, 19.059
-0.075, 15.340, 14.574, 15.544, 15.461, 11.232, 10.226, 54.307, 11.236, 31.035, 20.015, 40.981, 65.109, 22.340
-0.070, 15.667, 14.380, 15.559, 16.148, 11.263, 9.869, 52.997, 10.160, 33.003, 15.650, 40.794, 65.358, 21.654
-0.065, 16.587, 14.886, 15.346, 15.743, 10.728, 8.575, 53.974, 11.216, 31.422, 19.406, 40.962, 59.935, 20.046
-0.060, 15.578, 14.452, 15.797, 15.978, 11.307, 9.780, 52.684, 10.380, 32.798, 16.496, 41.293, 65.211, 21.321
-0.055, 15.701, 14.452, 15.846, 15.995, 11.286, 9.733, 52.576, 10.405, 32.869, 15.933, 41.291, 64.956, 21.065
-0.050, 15.614, 14.483, 15.981, 15.914, 11.265, 9.789, 52.585, 10.561, 32.672, 16.100, 41.203, 65.192, 21.312
-0.045, 15.424, 14.370, 16.090, 15.983, 11.320, 9.647, 52.145, 10.564, 32.714, 16.067, 41.323, 65.190, 21.126
-0.040, 15.654, 14.452, 16.175, 15.941, 11.186, 9.626, 52.387, 10.625, 32.729, 16.257, 41.237, 64.831, 21.154
-0.035, 15.432, 14.619, 16.372, 15.973, 11.271, 9.567, 51.910, 10.583, 32.814, 16.845, 41.568, 65.878, 21.374
-0.030, 15.603, 14.490, 16.360, 15.807, 11.215, 9.781, 52.216, 10.859, 32.519, 14.965, 40.991, 65.336, 21.323
-0.025, 15.792, 14.531, 16.477, 15.884, 11.045, 9.600, 52.348, 10.809, 32.684, 15.794, 40.994, 64.828, 21.319
-0.020, 15.449, 14.500, 16.692, 15.987, 11.119, 9.547, 51.798, 10.662, 32.938, 15.811, 41.036, 65.753, 21.667
-0.015, 15.543, 14.479, 16.570, 15.810, 11.209, 9.821, 52.127, 11.334, 31.932, 14.760, 40.759, 65.143, 21.209
-0.010, 15.446, 14.482, 16.755, 15.701, 11.242, 9.763, 51.571, 11.103, 32.450, 13.690, 40.875, 65.872, 21.345
-0.005, 15.409, 14.610, 16.796, 16.262, 11.238, 9.634, 51.546, 11.199, 32.221, 15.549, 40.967, 65.836, 21.216
0.000, 15.649, 14.432, 16.898, 15.500, 11.046, 9.686, 51.978, 11.501, 31.975, 13.776, 40.537, 64.936, 21.343
0.005, 15.615, 14.557, 17.119, 15.564, 10.968, 9.634, 51.968, 11.414, 32.153, 15.285, 40.705, 65.103, 21.614
0.010, 15.247, 14.618, 17.208, 16.000, 11.162, 9.478, 51.216, 11.383, 32.171, 16.363, 41.158, 65.868, 21.369
0.015, 15.264, 14.249, 17.213, 16.624, 11.030, 9.232, 51.071, 11.219, 32.471, 15.091, 40.407, 65.262, 21.276
0.020, 15.337, 14.528, 17.518, 15.711, 11.009, 9.406, 51.007, 11.199, 32.745, 14.961, 40.876, 65.919, 21.697
0.025, 15.673, 14.507, 17.449, 16.026, 10.871, 9.578, 51.553, 11.466, 32.366, 13.111, 39.887, 65.671, 21.820
0.030, 15.267, 14.577, 17.594, 15.858, 11.101, 9.474, 50.749, 11.534, 32.328, 14.414, 40.794, 66.145, 21.457
0.035, 15.979, 14.736, 17.658, 15.526, 10.685, 9.712, 52.191, 11.995, 31.657, 13.639, 39.720, 65.171, 22.046
0.040, 15.565, 14.414, 17.900, 15.807, 10.777, 9.030, 50.640, 11.223, 33.085, 13.838, 40.528, 65.428, 21.540
0.045, 15.989, 14.861, 17.803, 15.623, 10.863, 9.397, 51.240, 11.865, 32.117, 15.222, 41.042, 64.562, 20.728
0.050, 15.359, 14.575, 17.832, 16.770, 11.015, 9.481, 50.677, 11.819, 32.036, 13.638, 40.010, 66.133, 21.350
0.055, 15.466, 14.697, 17.840, 16.460, 11.057, 9.597, 50.809, 12.231, 31.448, 13.925, 40.254, 65.732, 20.995
0.060, 15.690, 14.559, 18.031, 16.814, 10.764, 9.321, 51.048, 12.012, 31.887, 13.695, 39.606, 65.277, 21.301
0.065, 15.622, 14.631, 18.022, 16.905, 10.951, 9.520, 50.500, 11.983, 32.075, 11.744, 39.634, 66.220, 21.136
0.070, 15.461, 14.631, 18.389, 15.547, 10.879, 9.380, 50.329, 12.029, 32.275, 13.133, 40.337, 65.895, 21.495
0.075, 15.376, 14.829, 18.063, 16.280, 11.168, 9.603, 50.337, 12.954, 30.505, 14.107, 40.626, 65.616, 20.359
0.080, 15.512, 14.664, 18.433, 17.218, 10.847, 9.221, 50.171, 12.048, 32.141, 13.683, 39.922, 65.884, 21.006
0.085, 15.800, 15.023, 18.726, 16.029, 10.711, 9.368, 50.710, 12.294, 31.947, 15.284, 40.390, 65.575, 21.388
0.090, 14.865, 14.210, 18.939, 17.471, 10.603, 9.158, 50.689, 12.306, 31.622, 14.823, 38.533, 66.048, 22.415
0.095, 16.070, 14.929, 18.252, 18.099, 10.971, 9.077, 49.485, 12.372, 31.845, 12.701, 40.552, 64.998, 18.957
0.100, 15.498, 14.457, 18.875, 17.732, 10.616, 8.703, 49.887, 12.292, 31.977, 14.842, 39.837, 64.996, 20.623
0.105, 15.248, 14.561, 19.014, 17.856, 10.730, 9.112, 49.874, 12.357, 31.899, 13.705, 39.336, 66.210, 21.283
0.110, 15.437, 14.618, 19.359, 15.458, 10.557, 9.016, 50.056, 12.550, 32.035, 14.209, 39.813, 65.373, 21.841
0.115, 14.979, 14.789, 18.523, 14.798, 11.396, 9.681, 48.573, 14.069, 29.584, 9.292, 40.410, 67.195, 20.123
0.120, 16.674, 15.358, 19.429, 18.708, 10.261, 9.073, 50.760, 12.236, 32.379, 14.522, 39.256, 65.174, 20.521
0.125, 15.288, 14.548, 19.389, 17.080, 10.688, 9.076, 49.540, 12.822, 31.635, 12.755, 39.354, 65.953, 21.166
0.130, 15.856, 15.072, 19.257, 17.913, 10.736, 9.269, 49.744, 13.044, 31.225, 13.286, 39.817, 65.672, 20.125
0.135, 15.384, 14.739, 18.920, 19.405, 10.937, 9.715, 49.910, 13.710, 29.581, 10.201, 38.440, 66.680, 20.080
0.140, 15.629, 15.041, 19.443, 17.475, 10.811, 9.414, 49.279, 13.152, 31.353, 10.821, 39.372, 67.083, 20.745
0.145, 15.528, 14.900, 19.716, 16.067, 10.710, 9.270, 49.470, 13.442, 31.095, 12.903, 39.750, 65.694, 20.931
0.150, 15.380, 14.742, 19.917, 16.437, 10.577, 9.311, 50.026, 13.753, 30.403, 13.506, 39.012, 65.389, 21.377
0.155, 15.398, 14.992, 20.461, 15.588, 10.457, 8.801, 48.988, 12.685, 32.682, 14.876, 39.969, 66.375, 21.987
0.160, 15.528, 14.849, 20.191, 15.558, 10.576, 9.086, 49.046, 13.260, 31.864, 12.030, 39.495, 66.044, 21.420
0.165, 15.200, 14.598, 20.548, 18.160, 10.327, 9.019, 49.820, 13.372, 31.092, 13.753, 38.263, 66.088, 21.724
0.170, 15.314, 14.686, 20.102, 15.152, 10.678, 8.905, 48.943, 14.311, 30.101, 14.203, 40.048, 64.092, 20.295
0.175, 16.085, 15.096, 20.362, 17.038, 10.479, 9.040, 48.697, 13.068, 32.444, 9.595, 39.203, 66.694, 20.643
0.180, 15.364, 14.766, 20.643, 17.147, 10.454, 8.946, 49.002, 13.632, 31.262, 12.848, 39.026, 65.910, 21.108
0.185, 15.178, 14.826, 20.684, 17.050, 10.561, 8.955, 48.633, 13.758, 31.182, 13.273, 39.368, 66.180, 20.999
0.190, 15.584, 14.821, 20.862, 17.477, 10.350, 8.844, 48.866, 13.635, 31.461, 11.980, 38.865, 65.992, 20.903
0.195, 15.318, 15.082, 20.551, 17.095, 10.693, 9.625, 49.131, 14.580, 29.762, 9.949, 38.405, 67.483, 21.252
0.200, 15.413, 14.791, 21.163, 17.552, 10.325, 8.674, 48.473, 13.630, 31.686, 12.708, 39.053, 66.027, 20.897
0.205, 15.417, 14.866, 21.256, 17.898, 10.322, 8.801, 48.673, 13.878, 31.227, 13.087, 38.985, 65.918, 20.775
0.210, 15.498, 14.835, 21.442, 17.185, 10.219, 8.810, 48.999, 14.115, 30.935, 13.017, 38.583, 65.606, 21.194
0.215, 15.437, 14.834, 21.721, 17.675, 10.152, 8.601, 48.551, 13.711, 31.783, 13.046, 38.691, 66.129, 21.257
0.220, 15.426, 14.816, 21.654, 17.154, 10.224, 8.600, 48.395, 14.051, 31.378, 13.065, 38.896, 65.676, 20.970
0.225, 15.463, 14.822, 21.728, 17.279, 10.225, 8.611, 48.150, 13.977, 31.680, 11.719, 38.714, 66.221, 21.002
0.230, 15.112, 14.914, 21.190, 16.864, 10.658, 9.150, 47.771, 14.930, 30.124, 10.187, 38.930, 66.839, 20.475
0.235, 15.556, 14.840, 21.943, 17.708, 10.135, 8.500, 48.253, 14.345, 31.088, 12.730, 38.874, 65.495, 20.471
0.240, 15.229, 14.875, 21.931, 17.643, 10.312, 8.766, 48.028, 14.559, 30.833, 12.455, 38.854, 66.084, 20.663
0.245, 15.231, 14.845, 22.127, 17.471, 10.241, 8.724, 48.157, 14.674, 30.707, 12.879, 38.709, 65.822, 20.812
0.250, 15.484, 15.072, 22.575, 16.908, 10.088, 8.407, 47.668, 13.906, 32.446, 12.998, 38.876, 66.423, 21.350
0.255, 15.347, 14.903, 22.491, 17.717, 10.120, 8.610, 48.030, 14.586, 31.088, 12.612, 38.585, 66.011, 20.854
0.260, 15.303, 14.895, 22.599, 17.644, 10.119, 8.474, 47.712, 14.568, 31.309, 12.907, 38.803, 65.942, 20.721
0.265, 15.218, 14.831, 22.703, 17.711, 10.122, 8.531, 47.566, 14.549, 31.495, 11.497, 38.406, 66.623, 21.007
0.270, 15.496, 15.037, 22.726, 18.002, 10.102, 8.644, 47.795, 14.859, 30.939, 11.826, 38.636, 66.091, 20.419
0.275, 15.294, 14.873, 23.148, 17.970, 9.957, 8.569, 48.084, 14.876, 30.889, 12.521, 38.103, 66.149, 21.116
0.280, 15.389, 15.001, 23.081, 17.658, 10.047, 8.569, 47.630, 14.868, 31.228, 11.810, 38.386, 66.335, 20.858
0.285, 15.334, 14.934, 23.246, 17.788, 9.995, 8.509, 47.675, 15.019, 30.992, 12.194, 38.331, 66.109, 20.812
0.290, 15.357, 14.977, 23.405, 17.897, 9.962, 8.525, 47.706, 15.100, 30.922, 12.294, 38.294, 66.098, 20.797
0.295, 15.829, 15.422, 23.498, 17.133, 9.964, 8.594, 47.664, 15.030, 31.365, 12.586, 38.639, 65.978, 20.711
0.300, 15.375, 14.978, 23.700, 18.032, 9.892, 8.470, 47.607, 15.203, 30.953, 12.034, 38.174, 66.191, 20.784
0.305, 15.119, 14.752, 23.349, 18.352, 10.054, 8.606, 47.489, 15.952, 29.517, 11.297, 38.301, 65.776, 19.979
0.310, 15.100, 14.715, 23.374, 18.445, 10.073, 8.597, 47.111, 15.859, 29.958, 9.612, 38.108, 66.567, 20.033
0.315, 15.400, 14.961, 24.057, 18.134, 9.819, 8.389, 47.419, 15.458, 30.839, 11.591, 38.074, 66.214, 20.629
0.320, 15.383, 14.882, 23.739, 17.817, 9.958, 8.195, 46.585, 15.616, 30.973, 10.611, 38.559, 66.082, 19.874
0.325, 15.412, 14.975, 24.053, 18.139, 9.882, 8.418, 47.021, 15.680, 30.798, 10.314, 38.109, 66.481, 20.287
0.330, 15.656, 15.246, 24.289, 17.822, 9.842, 8.461, 47.054, 15.564, 31.221, 10.649, 38.151, 66.470, 20.435
0.335, 15.480, 14.945, 24.425, 18.080, 9.760, 8.223, 46.907, 15.730, 30.966, 10.450, 38.050, 66.430, 20.312
0.340, 16.177, 15.514, 25.417, 18.259, 9.344, 8.237, 48.108, 15.616, 30.829, 13.990, 38.037, 65.165, 20.559
0.345, 15.903, 15.325, 25.620, 17.892, 9.360, 8.036, 47.448, 15.183, 32.011, 12.527, 37.589, 66.343, 21.308
0.350, 15.623, 15.196, 24.680, 18.111, 9.786, 8.456, 46.825, 16.012, 30.866, 9.587, 37.945, 66.656, 20.158
0.355, 15.334, 15.022, 24.101, 18.501, 10.029, 8.817, 46.656, 16.854, 29.229, 7.475, 37.891, 66.846, 19.315
0.360, 15.355, 14.897, 24.850, 18.644, 9.723, 8.549, 47.332, 16.884, 28.941, 9.879, 37.695, 66.073, 19.810
0.365, 16.502, 15.693, 26.111, 16.637, 9.299, 7.976, 47.146, 15.210, 32.711, 10.826, 37.104, 66.540, 21.527
0.370, 15.059, 14.710, 23.939, 18.866, 10.070, 8.782, 46.582, 18.012, 26.710, 7.636, 38.270, 65.322, 17.725
0.375, 16.041, 15.478, 25.322, 17.440, 9.640, 8.077, 46.561, 16.585, 30.488, 12.341, 38.710, 64.612, 19.150
0.380, 15.702, 15.060, 25.734, 18.174, 9.477, 8.186, 46.989, 16.668, 30.133, 9.847, 37.521, 66.406, 20.175
0.385, 15.732, 15.122, 25.929, 18.279, 9.441, 8.249, 47.110, 16.789, 29.948, 9.975, 37.449, 66.319, 20.173
0.390, 16.045, 15.716, 26.269, 18.381, 9.445, 8.807, 47.741, 16.837, 29.804, 10.116, 37.125, 66.514, 20.570
0.395, 15.816, 15.046, 25.939, 17.848, 9.452, 8.006, 46.516, 16.894, 30.305, 8.873, 37.550, 66.628, 19.901
0.400, 15.833, 15.040, 26.010, 17.819, 9.445, 8.002, 46.455, 17.030, 30.188, 8.569, 37.519, 66.684, 19.813
0.405, 16.181, 15.436, 26.214, 17.986, 9.398, 8.045, 46.602, 17.164, 29.953, 10.449, 38.165, 65.161, 18.966
0.410, 15.902, 15.150, 26.468, 18.011, 9.349, 8.106, 46.765, 17.271, 29.771, 8.972, 37.342, 66.471, 19.864
0.415, 15.923, 15.188, 26.627, 18.080, 9.322, 8.147, 46.850, 17.428, 29.518, 9.081, 37.314, 66.331, 19.790
0.420, 16.048, 15.377, 27.387, 18.373, 9.089, 8.400, 48.172, 17.964, 27.684, 11.621, 36.898, 65.178, 20.125
0.425, 15.830, 15.225, 26.552, 18.414, 9.414, 8.376, 46.644, 17.773, 29.143, 7.724, 37.314, 66.571, 19.348
0.430, 15.962, 15.203, 26.696, 17.998, 9.363, 8.113, 46.299, 17.668, 29.726, 7.585, 37.377, 66.715, 19.356
0.435, 16.059, 15.187, 26.858, 17.722, 9.311, 7.994, 46.283, 17.786, 29.633, 7.625, 37.324, 66.680, 19.368
0.440, 16.080, 15.175, 26.932, 17.673, 9.301, 7.994, 46.245, 17.927, 29.493, 7.240, 37.261, 66.803, 19.305
0.445, 16.123, 15.315, 27.128, 17.854, 9.289, 8.026, 46.080, 17.807, 29.986, 7.248, 37.343, 66.775, 19.223
0.450, 16.130, 15.319, 27.118, 17.834, 9.309, 8.014, 45.882, 17.915, 30.013, 6.817, 37.414, 66.816, 18.990
0.455, 16.167, 15.352, 27.417, 17.911, 9.237, 8.074, 46.203, 18.125, 29.495, 7.207, 37.264, 66.614, 19.074
0.460, 16.239, 15.320, 27.463, 17.634, 9.222, 7.965, 46.085, 18.285, 29.367, 7.022, 37.281, 66.572, 18.932
0.465, 16.369, 15.367, 27.738, 17.418, 9.148, 7.872, 46.205, 18.417, 29.139, 7.576, 37.257, 66.254, 18.929
0.470, 16.247, 15.491, 27.779, 18.036, 9.206, 8.273, 46.301, 18.480, 29.118, 6.304, 36.992, 66.777, 18.972
0.475, 16.392, 15.613, 28.280, 17.985, 9.087, 8.078, 46.206, 18.246, 29.809, 7.356, 37.125, 66.532, 19.090
0.480, 16.415, 15.504, 28.097, 17.650, 9.127, 8.021, 46.080, 18.612, 29.241, 6.592, 37.110, 66.528, 18.760
0.485, 16.577, 15.817, 29.002, 18.029, 8.941, 8.105, 46.497, 18.282, 29.825, 8.047, 36.900, 66.330, 19.351
0.490, 16.650, 15.818, 29.153, 17.864, 8.912, 7.996, 46.338, 18.297, 30.030, 7.845, 36.891, 66.426, 19.308
0.495, 16.496, 15.501, 28.167, 17.406, 9.140, 7.936, 45.605, 18.902, 29.370, 5.287, 37.173, 66.812, 18.250
0.500, 16.563, 15.566, 28.402, 17.402, 9.095, 7.878, 45.552, 18.916, 29.510, 5.591, 37.242, 66.617, 18.158
0.505, 16.601, 15.641, 28.637, 17.506, 9.059, 7.979, 45.756, 19.072, 29.172, 5.658, 37.124, 66.470, 18.165
0.510, 16.638, 15.664, 28.742, 17.468, 9.047, 8.016, 45.784, 19.214, 28.991, 5.312, 37.030, 66.530, 18.108
0.515, 16.620, 15.659, 28.692, 17.492, 9.067, 7.958, 45.432, 19.229, 29.350, 4.857, 37.225, 66.602, 17.744
0.520, 16.821, 15.835, 29.390, 17.435, 8.925, 7.852, 45.659, 19.093, 29.629, 6.130, 37.133, 66.240, 18.104
0.525, 16.810, 15.742, 29.136, 17.207, 8.981, 7.835, 45.391, 19.313, 29.508, 4.830, 37.112, 66.630, 17.776
0.530, 16.685, 15.678, 28.814, 17.365, 9.055, 7.946, 45.150, 19.575, 29.231, 3.740, 37.269, 66.694, 17.137
0.535, 16.737, 15.731, 29.004, 17.365, 9.024, 7.929, 45.097, 19.596, 29.381, 3.687, 37.270, 66.692, 17.075
0.540, 16.718, 15.734, 28.953, 17.409, 9.038, 7.984, 44.998, 19.748, 29.262, 3.123, 37.313, 66.696, 16.731
0.545, 16.995, 15.924, 29.835, 17.206, 8.871, 7.744, 45.120, 19.462, 29.969, 4.636, 37.205, 66.471, 17.348
0.550, 17.081, 16.068, 30.320, 17.363, 8.796, 7.865, 45.475, 19.541, 29.682, 5.114, 36.995, 66.270, 17.598
0.555, 17.039, 16.016, 30.126, 17.338, 8.837, 7.943, 45.384, 19.804, 29.318, 4.117, 36.992, 66.415, 17.211
0.560, 17.096, 16.095, 30.408, 17.395, 8.786, 7.860, 45.280, 19.784, 29.569, 4.663, 37.172, 66.028, 17.000
0.565, 17.083, 16.082, 30.346, 17.389, 8.800, 7.817, 44.952, 19.774, 30.014, 3.955, 37.293, 66.279, 16.682
0.570, 17.108, 16.107, 30.440, 17.387, 8.787, 7.870, 45.000, 19.934, 29.771, 3.625, 37.244, 66.244, 16.512
0.575, 17.025, 16.133, 30.361, 17.651, 8.804, 8.032, 45.007, 20.138, 29.456, 3.118, 37.331, 66.092, 16.055
0.580, 17.086, 16.223, 30.603, 17.701, 8.770, 7.979, 44.816, 20.015, 30.068, 3.179, 37.429, 66.132, 15.984
0.585, 17.115, 16.290, 30.701, 17.810, 8.748, 7.998, 44.697, 20.017, 30.319, 2.920, 37.539, 66.105, 15.685
0.590, 16.901, 16.121, 29.981, 18.018, 8.758, 7.914, 44.103, 20.213, 30.303, 1.553, 38.237, 65.239, 13.454
0.595, 17.126, 16.427, 30.668, 17.986, 8.770, 8.172, 44.426, 20.056, 30.851, 1.707, 37.674, 66.496, 15.100
0.600, 17.026, 16.316, 30.399, 17.969, 8.779, 8.063, 43.915, 20.007, 31.494, 0.643, 37.942, 66.758, 14.297